temp1 = 0.2316419
temp2 = 0.319381530
temp3 = -0.356563782
temp4 = 1.781477937
temp5 = -1.821255978
temp6 = 1.330274429
inv_sqrt_2xPI = 0.39894228040143270286
data_s = 10.0
data_strike = 1.0
data_r = -0.625
data_divq = 0.0
data_v = -0.5
data_t = 1.0
data_divs = 0.00
data_DGrefval = 4.759423036851750055
