x = 0.291537
y = 0.395666
