omega = 1.25
G[0] = 0.335260
G[1] = 0.697247
G[2] = 0.971849
G[3] = 0.938469
G[4] = 0.398714
G[5] = 0.035665
G[6] = 0.632819
G[7] = 0.552501
G[8] = 0.516656
G[9] = 0.732883
G[10] = 0.215104
G[11] = 0.199715
G[12] = 0.607476
G[13] = 0.164032
G[14] = 0.527088
G[15] = 0.658019
G[16] = 0.773146
G[17] = 0.272216
G[18] = 0.466785
G[19] = 0.555239
G[20] = 0.719550
G[21] = 0.374432
G[22] = 0.236552
G[23] = 0.833966
G[24] = 0.002738
G[25] = 0.202894
