temp1 = 0.2316419
temp2 = 0.319381530
temp3 = -0.356563782
temp4 = 1.781477937
temp5 = -1.821255978
temp6 = 1.330274429
inv_sqrt_2xPI = 0.39894228040143270286
data_s = 42.0
data_strike = 40.0
data_r = 0.1000 
data_divq = 0.0
data_v = 0.20
data_t = 0.50
data_OptionType = C
data_divs = 0.00
data_DGrefval = 4.759423036851750055