omega = 1.25
G[0] = 0.33526
G[1] = 0.697247
G[2] = 0.971849
G[3] = 0.938469
G[4] = 0.398714
G[5] = 0.035665
G[6] = 0.632819
G[7] = 0.552501
G[8] = 0.516656
G[9] = 0.732883
G[10] = 0.215104
G[11] = 0.542027
G[12] = 0.4464
G[13] = 0.817093
G[14] = 0.454654
G[15] = 0.293732
G[16] = 0.381812
G[17] = 0.376492
G[18] = 0.534128
G[19] = 0.555239
G[20] = 0.71955
G[21] = 0.410326
G[22] = 0.582775
G[23] = 0.498918
G[24] = 0.399163
G[25] = 0.545064
G[26] = 0.310721
G[27] = 0.608808
G[28] = 0.47421
G[29] = 0.395262
G[30] = 0.038862
G[31] = 0.399229
G[32] = 0.622922
G[33] = 0.437852
G[34] = 0.679907
G[35] = 0.446997
G[36] = 0.348575