A[0] = 0.335260
A[1] = 0.697247
A[2] = 0.971849
A[3] = 0.938469
