temp1 = 0.707106781
temp2 = 0.382683433
temp3 = 0.541196100
temp4 = 1.306562965
data[0] = 139
data[1] = 144
data[2] = 149
data[3] = 153
data[4] = 155
data[5] = 155
data[6] = 155
data[7] = 155
data[8] = 144
data[9] = 151
data[10] = 153
data[11] = 156
data[12] = 159
data[13] = 156
data[14] = 156
data[15] = 156
data[16] = 150
data[17] = 155
data[18] = 160
data[19] = 163
data[20] = 158
data[21] = 156
data[22] = 156
data[23] = 156
data[24] = 159
data[25] = 161
data[26] = 162
data[27] = 160
data[28] = 160
data[29] = 159
data[30] = 159
data[31] = 159
data[32] = 159
data[33] = 160
data[34] = 161
data[35] = 162
data[36] = 162
data[37] = 155
data[38] = 155
data[39] = 155
data[40] = 161
data[41] = 161
data[42] = 161
data[43] = 161
data[44] = 160
data[45] = 157
data[46] = 157
data[47] = 157
data[48] = 162
data[49] = 162
data[50] = 161
data[51] = 163
data[52] = 162
data[53] = 157
data[54] = 157
data[55] = 157
data[56] = 162
data[57] = 162
data[58] = 161
data[59] = 161
data[60] = 163
data[61] = 158
data[62] = 158
data[63] = 158
