arg3 = 30.000000
arg4 = -2.000000
nx = 0.000000
ny = 1.000000
nz = 0.000000
xe = 0.000001
ze = 0.000000
