a[0] = -0.302974
a[1] = 0.220877
a[2] = 0.434533
a[3] = 0.220877
a[4] = -0.759415
a[5] = 0.434533
a[6] = -0.036446
a[7] = 0.097950
a[8] = 0.097950
a[9] = -0.807066
a[10] = 0.000000
a[11] = 0.000000
a[12] = 0.097950
a[13] = -0.807066
a[14] = 0.000000
a[15] = 0.000000
aelt[0] = 0.869065
aelt[1] = 0.500000
aelt[2] = 0.785563
aelt[3] = 0.500000
aelt[4] = 0.391531
aelt[5] = 0.500000
aelt[6] = 0.405377
aelt[7] = 0.500000