omega = 1.25
G[0] = 0.335260
G[1] = 0.697247
G[2] = 0.971849
G[3] = 0.938469
G[4] = 0.398714
G[5] = 0.035665
G[6] = 0.632819
G[7] = 0.552501
G[8] = 0.516656
