r23 = 1.1920928955078125e-07
t23 = 8.388608e+06