A[0] = 0.335260
A[1] = 0.697247
A[2] = 0.971849
A[3] = 0.938469
A[4] = 0.398714
A[5] = 0.035665
A[6] = 0.632819
A[7] = 0.552501
A[8] = 0.516656
A[9] = 0.732883
A[10] = 0.215104
A[11] = 0.199715
A[12] = 0.607476
A[13] = 0.164032
A[14] = 0.527088
A[15] = 0.658019
