temp1 = 0.707106781
temp2 = 0.382683433
temp3 = 0.541196100
temp4 = 1.306562965