PI = 3.14
x[0] = 0.335260
x[1] = 0.697247
x[2] = 0.971849
x[3] = 0.938469
x[4] = 0.398714
x[5] = 0.035665
x[6] = 0.632819
x[7] = 0.552501
x[8] = 0.516656
x[9] = 0.732883
x[10] = 0.215104
x[11] = 0.199715
x[12] = 0.607476
x[13] = 0.164032
x[14] = 0.527088
x[15] = 0.658019
