PI = 3.14
x[0] = 0.335260
x[1] = 0.697247
x[2] = 0.971849
x[3] = 0.938469
x[4] = 0.398714
x[5] = 0.035665
x[6] = 0.632819
x[7] = 0.552501
